29119
41875
84798
57288
78115
71898
48292
85259
36057
64749
45516
68343
34519
66268
44052
82579
70697
17921
23988
86859
52727
33904
48362
62155
64886
37363
75974
34915
91321
39622
76757
16420
55107
39881
37327
64204
35250
60923
38193
49525
59794
74100
49560
58440
44371
63653
18883
16750
42937
44993
73438
40855
57510
12496
71594
40506
42565
17433
61949
60796
46832
63611
62428
45362
69089
50278
38496
75243
70508
60758
77684
52664
65109
73996
42470
41446
15346
1418
35408
47388
54417
89050
58446
65378
38194
18072
36065
2662
4453
39857
69889
38355
53267
33615
47002
52725
77515
27335
60223
16900
33013
43802
31819
43462
68046
40032
20695
51802
20621
53018
47514
87469
63778
59053
52530
49727
75448
33566
66467
35309
45138
34524
3895
66092
75667
83416
50143
38752
77180
56096
78747
74407
48209
54034
77354
6387
79111
47579
39067
10468
82013
98561
90199
11961
84144
80739
11120
28732
49327
40394
38910
34745
49809
48639
40341
71955
71282
29630
38807
38089
75025
14034
48862
34685
15351
49420
41665
87962
56506
8597
89238
47703
86197
59653
33544
72559
50499
38011
79570
54321
37160
33433
54169
71027
40004
7953
34091
72298
58599
17252
39754
33368
80135
38140
37661
58162
62409
49954
38051
35365
37274
51976
599
36381
56105
69977
47652
51761
7151
38838
52200
3181
33440
34202
33255
88374
60378
37097
37607
34420
84946
58919
11806
71334
18766
74310
46664
64382
96611
41055
26587
42084
87531
84533
42632
61912
64035
40428
68072
35333
50650
32776
49108
73470
46110
15593
3812
38160
14321
36345
91156
46009
43123
33592
87102
74908
68936
52495
43856
31853
43334
41471
36707
39923
41567
61483
55113
81774
85817
22660
60170
3516
60845
59727
41153
38693
96613
40862
87000
36689
36828
76172
67048
40344
37621
48122
64277
71543
51919
50619
57733
58731
67257
88951
42283
32811
50675
49690
38235
46793
43700
43534
53637
44854
47525
51618
82338
98487
29708
34299
81550
68319
75157
34317
32802
47619
33130
33784
81331
52366
58016
77322
61475
40261
28420
58864
87259
94994
63159
45072
65778
42644
85955
41455
34502
42279
96615
37066
94467
71179
33907
8907
18555
44738
12974
35677
41523
63920
36675
51879
88721
90461
33116
33595
79098
92121
33950
79887
58858
37849
21447
51453
34957
34543
40086
45658
97641
65300
54520
32816
42519
60165
40663
48997
37253
6573
38790
40898
62657
42095
45075
84470
75728
71874
50847
53182
56563
33663
52921
36135
19390
70428
41493
36991
5418
44201
53643
33297
42247
70053
43694
59191
69169
68303
39001
41598
70503
43054
32926
33720
86399
70564
33667
7496
66715
38344
43081
50084
99771
45418
53427
47276
61021
43746
34521
27895
14342
48462
20588
82536
51535
60321
60926
53045
68104
33131
51809
52082
78440
37899
54692
49405
87718
68676
34869
49858
41957
54145
50648
63222
62250
55779
40618
61108
61900
35091
47143
77617
93517
34428
36072
54980
52020
45892
35823
91181
35465
38491
52160
99085
52762
39818
94110
45037
65367
48151
33260
51639
83528
45662
15848
11575
64615
516
54583
80411
4566
41098
56000
87659
31966
45018
33620
83939
38793
4757
28061
64762
56649
35885
38287
55783
43133
55981
52930
49654
82845
43804
33565
38257
51892
32193
36815
42400
57057
80033
33630
46817
69175
82612
48458
54293
75319
60780
72498
46984
5270
58301
51917
59951
39181
64191
8932
75525
88042
87455
37809
90837
48061
50552
95120
41845
86529
49573
91011
54644
16158
87735
49929
27232
49579
19260
9952
70579
62996
42065
96492
58230
4290
34632
43103
47119
38678
35502
36825
64306
79660
66394
36943
66631
33968
42375
50275
68655
98776
42306
31098
39029
72536
14500
73232
20929
29214
40880
86057
34041
33710
90701
70889
11216
53806
51182
41482
25610
97702
60032
40686
47123
66529
74477
53101
40997
41356
66843
49409
42366
52704
39410
48079
46410
60653
38590
51928
38681
76779
7188
65798
38704
68492
62824
72644
40174
38335
70869
61107
54535
98656
76862
59768
55014
41071
33718
36108
74497
10759
65038
69254
47460
59903
73403
83288
86528
43853
82344
52537
68486
61528
71980
37715
59288
56334
33216
37584
58300
47231
54792
71239
43926
55458
91074
77779
11726
40053
33055
70128
1464
46239
81401
53043
34322
54737
63899
35935
36869
64453
71424
64915
70376
35793
61118
35362
56837
33191
67891
47179
70282
82337
29714
39413
33930
36640
42564
92317
48232
32962
36540
43607
62983
54510
40984
76227
50974
45142
50558
90318
36017
60154
60218
31755
68199
44019
39242
53942
55257
40980
61945
37751
77300
37956
6066
37023
60219
54395
65356
57583
55358
40949
52336
55169
68887
87539
48047
84432
59319
54932
41081
5719
40545
17907
9575
34759
72276
39735
44945
34119
34313
61285
8265
34076
67465
70461
41536
77723
53520
39280
79037
22758
22576
40699
43825
31902
98642
51300
42968
58875
17258
33398
75030
38071
68996
33550
34560
42133
41906
32930
32891
22401
33653
5321
36124
62402
60409
87789
57537
35430
34643
35507
54639
2760
43180
99988
49129
67212
56669
32755
39865
44042
37030
77400
43233
55989
43467
87772
90341
38810
52556
40314
46075
73357
78076
46265
25115
27380
38336
79812
65188
37444
65846
93872
63881
34886
29112
44219
55318
20510
39811
68985
28525
58198
38719
62665
33038
90073
4361
55010
15670
41630
40868
43411
38197
15144
82003
19667
36789
26715
44599
45113
34382
84662
43385
94195
37368
11178
51930
23816
88365
34332
34460
33546
40569
36423
33985
47183
57114
56162
74629
14742
48248
46345
58473
5218
62472
34260
33623
47124
51945
77527
26545
71065
53532
44782
43644
62796
46333
41395
56645
17969
53727
71240
14503
27064
69971
44387
59144
50347
46966
79127
71952
34946
45736
62532
15186
59225
96440
43828
50257
52875
9566
12356
23799
47244
56060
48644
57698
67792
53802
79724
65484
47910
54315
31856
48223
39889
7317
44173
45062
62686
53432
41394
76183
43745
86193
99864
98451
64536
39566
36243
70626
36526
92789
53809
69586
3674
54530
38729
54382
59547
64539
40169
37300
35585
40312
38289
68235
68038
76979
36584
14219
95030
87130
61934
41444
36778
8935
81308
42288
35044
48953
43794
64025
57855
44001
76002
33422
37583
86784
14542
76254
57071
83517
92769
65879
37276
33574
36094
50317
28888
76106
63773
77329
33579
32920
13958
36024
40635
37829
34064
33989
33150
72600
50014
41731
73142
32932
12039
46118
38321
71971
59667
61891
26540
41481
78694
59054
63209
34582
10483
64253
92597
57696
50501
34396
56688
97190
73665
74644
68363
42253
48157
50901
34577
39951
36921
68007
63563
31405
35256
48175
59097
36862
31417
46538
43719
39807
50710
73907
59015
67470
3968
50522
83988
66995
72894
46082
51203
94485
16889
47048
41656
30787
79777
2087
70336
54000
20413
37341
57232
34167
51709
52699
71273
35828
33140
45130
54359
26688
35071
39349
62555
41447
56891
76928
94359
43480
41064
61322
35739
82325
81399
54963
92269
85599
60882
48892
39621
77027
56599
48749
54513
31372
4488
20922
68428
21770
22048
56959
50185
49819
44417
63958
33820
73009
3570
36748
62508
17908
55687
33342
48165
94775
45718
49501
46213
28085
50356
48463
38443
39740
42759
64743
33326
38018
59566
36728
53797
9092
69204
45146
64289
46669
50894
65275
65992
27309
39506
49360
48559
35535
50129
79779
41927
75148
41431
83933
14301
40918
96098
34218
64257
67856
84592
45979
42203
44009
40364
54010
50725
46892
83617
55143
35905
52219
56926
45320
50246
18467
84105
40887
51277
86820
56937
35036
58590
34896
34879
89911
5746
75430
87787
49522
51299
65147
2523
35685
66173
32937
25965
50538
72885
49861
87880
93321
42969
95963
24028
52167
59074
89000
57981
82298
45341
42552
43568
49566
38377
54671
34443
66874
52730
48473
53529
43168
37455
34893
70826
98854
39392
50977
1091
35223
32858
40408
47098
33100
40199
45061
74547
93300
96614
42525
36519
72736
45587
51587
40753
21493
76976
74933
43996
39748
39899
38584
82578
67480
58697
67888
45442
56985
45868
68277
56202
76114
7619
77184
83731
53634
55957
91024
46253
57685
66873
48567
33006
524
50731
52113
33028
38592
14942
48244
59738
35030
34047
7637
92445
78302
36662
3547
48024
52152
47086
75837
66911
54405
60341
22150
61644
33383
27059
53702
56011
99778
51760
47946
57052
69525
19113
41382
20190
33689
35103
99609
63969
45820
67426
20031
61659
28764
37102
80710
51460
67135
55152
35225
85647
48066
42909
41764
51456
36426
33952
55841
69337
45446
39366
75731
98677
40393
77910
95761
48548
71908
92345
94543
25937
33908
67181
37154
41028
47094
67405
45140
46670
47326
88731
48073
84633
45879
87223
33357
66198
62905
39713
77717
44606
79711
59892
44844
61806
46300
43029
35064
64863
37842
96288
37570
72152
41716
40639
53503
67105
35182
42328
38066
81924
63373
75207
44722
83385
64192
47331
68908
81709
67795
65529
73420
77030
59119
15490
40051
35887
33843
61751
2329
39436
21191
39194
46068
33381
33637
55953
80620
30233
74036
98029
62359
44788
21435
50518
42311
44058
48492
36495
81718
42878
42342
58206
63440
76773
54411
65436
82059
62348
23842
33101
67221
35474
89504
52442
43181
16024
86982
97634
47913
46264
75009
41224
61787
38849
52738
60499
37198
94782
59123
54348
61736
14988
39124
71870
37116
70898
90098
48007
55123
35500
65736
71718
46864
44051
35002
75547
23727
49234
35243
33373
77519
63132
37705
1594
73435
52703
80597
39543
90330
61383
40177
56373
60477
43047
46843
34414
43858
58170
35471
41557
91031
61691
45604
37886
80795
36568
66731
34037
63984
41547
63626
61453
66577
56670
36571
62528
67836
82733
34871
63311
55580
33715
36384
3545
22768
55002
94319
82910
63785
43525
33253
36346
15225
2493
43174
46484
46325
61789
41818
11826
40251
75194
30805
31823
85292
82800
67634
35525
53078
20034
40360
45461
19650
34376
88472
35254
41355
49766
34547
39756
37534
97955
43593
36070
48142
34814
42360
58164
33213
39606
56655
81159
33347
79415
36169
55647
6982
22870
33537
33025
38372
31301
46022
39841
81397
87084
52709
33270
61875
44162
37169
68411
68817
52736
81373
98023
28557
79896
2581
41987
42228
60356
41149
5591
56631
50103
53385
48374
33046
71967
69578
75873
43676
17203
56356
34960
86772
36317
87666
32392
8963
39752
52360
38539
46203
18589
35804
75220
40493
51494
21048
51099
32947
60405
84462
39970
35359
46303
86588
54908
42726
56036
38758
35207
36703
60259
36473
63767
31863
52001
38708
64084
37618
79456
93823
35860
86632
95397
75707
29398
43855
60251
49904
58568
59417
62800
15796
86503
8406
49413
55979
70187
35425
91136
69250
38652
2339
91447
55905
50879
67166
44623
47324
10995
89667
61304
46103
4858
74077
47900
44080
41063
53718
27925
90748
53323
52107
41148
61796
37280
37550
35809
82795
96262
45576
82243
77654
33827
77587
49557
71493
37202
51389
63622
82523
67544
33858
57908
85144
36469
83626
41749
39729
33137
51957
33894
32604
52454
40226
73253
48592
66088
92622
79959
14399
69047
36263
55043
36543
44458
34827
68362
36590
11762
37489
78277
43731
33087
42427
58326
83141
69289
5026
35191
39174
73695
24315
47443
78233
52898
45667
35241
57027
35303
78119
36202
13258
66755
63760
38044
33111
56113
35492
72341
67953
81871
57796
35076
58135
57099
95817
34261
51536
73070
62447
47257
80385
33063
67310
45831
33499
65293
92458
65685
2239
56836
10444
41295
35495
37693
76399
40791
96124
42398
42599
42099
58102
24404
35166
20827
44566
48992
38275
40198
33112
82947
53199
43936
58700
52719
32026
58884
38974
44197
40418
70230
48964
43303
39971
61287
75190
67478
54079
22249
39169
36105
69420
77108
66688
7865
31076
63998
42966
44704
34699
7594
54897
48725
86008
68448
57648
57746
44199
95952
96901
34533
29448
60145
33551
52605
71927
61162
49627
34306
71938
73590
75163
36878
95905
88102
57541
34410
72714
90444
48675
94168
40397
43981
45216
54753
56647
88661
35480
84648
38260
99889
37388
12394
36650
36104
40221
98574
59879
97763
4431
62602
99092
58191
51122
3429
33011
37507
35286
83801
32975
45339
39796
10261
19474
79265
68480
24456
96690
46273
50023
33876
10110
70686
55883
59915
40879
46767
70788
66097
48897
48030
19985
36408
45475
63671
870
54669
48517
44187
68093
35808
63632
21100
35775
33838
80281
80368
14044
36463
49823
46790
75626
41318
57141
67370
33900
40449
37938
39058
47553
13521
39550
54545
59135
73337
44703
30634
52975
49900
33819
58652
38601
35097
58746
79780
15454
33157
72122
39153
47562
25892
93520
41186
62205
9132
58912
57945
37152
33721
76735
38799
57076
55526
60432
33164
34618
45365
83283
37108
2241
89655
78391
47459
76995
90767
55469
5076
38306
6271
39769
33493
66534
39171
83658
74587
43343
35608
58155
51244
40810
38374
39800
41463
48407
38479
97162
77331
35039
47156
60380
36729
29149
66944
34239
17491
39927
40491
51771
28728
41343
78182
39073
49618
60601
22143
71071
90376
55564
38892
13988
34808
62321
33350
34426
74552
55976
25742
50543
54118
44462
58302
79189
42882
42588
42245
27754
57885
53512
39823
38633
56302
62525
75815
49763
86109
1772
33339
45542
15107
54654
86641
53246
51623
26210
54723
47176
33387
8458
46845
42196
82280
34467
39772
60138
39002
87498
82473
53424
24332
37709
48973
52840
53449
37552
45969
77104
38686
36060
58114
42836
84400
51925
37975
85265
91521
42509
51285
47330
78077
47471
50279
23031
7067
55882
36361
62938
37880
95067
91430
34180
56192
41789
61123
34661
90588
30908
81903
55782
59763
98014
7906
47291
48918
34747
35175
54263
54468
49403
35799
19024
59737
59403
42885
79044
46525
92150
52206
33315
60344
82332
33312
83403
29117
50989
63456
11315
50606
44766
35436
77867
58898
79561
63693
34281
38019
38727
60010
63443
39858
30264
39321
65814
97187
17102
38845
78179
35917
36399
86323
35090
43432
49229
13588
59590
48789
57718
66782
54526
15895
37711
38349
66325
37524
76080
47355
37017
61754
64756
52598
41420
72212
36116
7897
58693
35565
49030
67622
66426
76974
44476
55296
64904
59159
45352
97159
36446
63739
70890
37397
54960
61734
47226
62608
67160
49381
54221
67796
81324
52620
57787
45195
38965
61663
65674
39234
69519
56321
99973
38843
41850
36555
38212
39394
44490
34713
58484
47126
34686
96410
93166
45059
36115
146
47538
57333
92568
44556
34087
6788
25070
81829
87298
43711
49534
93415
12547
65783
36110
39682
73345
54068
14005
38916
70398
39170
41303
12181
37943
35836
44291
42269
48173
61101
31766
48672
20064
88504
36424
18169
12209
12956
35459
82066
56876
67391
62305
57452
49873
44298
88727
66833
41083
14450
94620
53874
13442
35868
51600
67514
33412
8048
65440
48683
36245
34905
91071
49416
33344
45349
37070
60365
50625
38499
54635
85830
43012
12408
65922
49693
51139
53610
39661
41388
48001
12529
56047
94630
49247
12871
57273
8443
50251
76285
54019
54412
42114
42406
40818
62462
63699
15819
50966
40649
66257
36411
50176
43527
34321
80093
35452
41266
33851
45517
54004
46148
22079
85086
42478
77219
41603
11749
40521
81459
59480
37825
46226
66594
98312
47583
97067
69080
86385
58476
58829
13797
60426
47484
35571
65609
28975
61761
47729
53095
60967
94864
50231
32005
62994
39222
50776
57481
28382
41360
60507
34363
34254
53202
44966
38154
62504
72907
87125
44107
45058
71998
79430
37335
37538
95490
10194
57062
36523
97528
4182
69142
97326
2972
50146
39140
45523
32784
51914
47505
44996
79218
68168
48282
46054
36188
61384
62828
91853
39698
58950
74183
52061
75349
12485
5377
43067
55635
33279
88034
56254
46813
42581
19572
51541
53697
29009
65507
40382
52846
54795
93427
36745
78695
92294
33793
6922
5508
40828
56369
23663
90972
66824
21795
42549
53945
89387
34234
89940
70533
77863
30828
39822
43277
38939
35018
46557
52936
50908
3735
34634
52446
36646
72071
41907
6220
50887
54514
48254
33218
98685
94234
36405
39595
62404
43208
2433
12967
36511
36378
51227
64097
51495
54354
48355
32831
92698
45746
65918
41023
61254
65697
43637
39156
48951
23965
37972
58086
62692
51910
51796
60097
67873
37336
69046
73742
70493
40534
42690
63625
46365
40093
65473
77899
3091
99546
38012
92436
88456
56262
66160
8766
45078
35129
44463
89335
51611
42615
50377
61760
51000
33599
65002
96295
29848
55080
77276
23194
36259
82874
53235
40319
92068
64559
92579
51109
45561
80114
64102
38488
38948
79510
72750
55763
3755
40018
34619
41383
3449
41583
28692
34820
47660
25810
54322
34516
50189
35598
51669
53214
24481
34173
36128
61374
85355
29932
48149
17488
38342
73244
11780
68815
38077
41895
4680
22026
39128
40306
63308
62158
36969
62811
82104
82201
59422
66463
55609
10772
41652
5278
34898
67993
42357
35420
47307
40094
16815
51179
49951
95165
8866
48216
77851
520
56582
78312
53060
9517
24482
48074
69291
36176
68644
48455
88912
36633
78083
39297
54418
99940
40803
38451
31512
11588
39930
97913
48916
53556
44964
41252
47219
54691
38992
49818
74308
51161
36282
10959
64739
77748
42867
34009
35707
49969
21647
40209
94401
92030
44287
72799
44641
63229
64508
67653
69308
70725
69554
59024
34534
38249
90958
34397
23593
36344
42180
63042
92836
61729
35788
86335
43911
62104
81888
98876
79303
16197
40098
63882
43822
68960
87540
56169
59959
48288
33852
46443
42460
65425
56924
83691
53219
38511
58041
71164
38072
65553
57259
19233
38046
59624
81546
73411
40044
64066
60911
6116
59333
76848
72767
80761
55977
37033
66565
87558
78355
46344
86658
53935
33844
72649
15025
58675
68616
60529
53430
42685
69853
59184
95595
35826
43924
58141
36743
84241
34052
75193
77918
47363
38408
61888
78012
37348
51484
76939
12030
36812
31228
76792
34151
40727
71881
77774
56588
76087
53817
50236
50085
80897
46550
32856
63251
43022
66881
37498
44824
41027
92338
33903
40687
17816
45280
74864
41618
54192
37931
40102
34411
47061
40672
57957
60971
88841
33724
73071
76037
78546
144
44650
43318
86929
10012
14869
56085
76450
18316
72327
49423
68810
66471
45641
16779
50926
22186
58533
49889
54392
87516
44203
44044
77084
51675
33113
48963
44914
33418
46867
33317
80810
58075
90850
51242
48147
55110
27431
49737
35290
34112
64275
13172
393
29585
65124
67053
60879
89133
80392
45258
33021
15461
43883
38014
69043
59983
12868
43360
39204
41776
36279
57871
40140
44781
64685
51856
48396
67388
71560
38280
35875
28125
98446
43197
49660
12788
40745
33967
71777
95176
40927
43598
38968
12966
39948
63872
53096
41517
2644
89842
54524
65658
6291
1934
4463
59651
83974
54115
59901
17540
34189
44542
76985
13525
43501
65226
79405
43396
19794
19908
62980
67886
17450
35468
40682
37057
92333
76922
59361
33675
35980
35122
35019
88975
39693
54836
96430
27279
47262
55662
33332
60768
38175
36970
59077
46541
59997
50719
39177
55830
57450
46469
50752
88178
44136
41867
48616
31278
59394
79195
75415
34465
15389
60077
45241
27292
39278
52728
35215
34392
44267
92000
44614
35960
52289
59131
81024
75103
66546
48727
55828
39512
58396
58562
71486
79666
45367
44349
43963
41976
39275
48648
26391
43298
62819
80992
49810
47337
42204
38091
48294
61038
88496
53758
72017
86491
69759
81163
34969
99803
55100
57779
51947
41195
56387
45975
42403
42473
45656
34007
57619
52281
62886
46061
11792
70844
35120
60995
46862
40847
68390
32326
54855
49115
60942
59171
60017
57403
81212
69529
58153
47919
83782
87757
53736
42107
38322
71237
49909
10569
33203
39444
25303
56720
73314
64290
38413
34348
46114
43165
36794
70424
58816
35617
13378
49435
70406
10029
15236
52669
77271
68789
78903
81356
73816
82984
85138
72864
87324
42372
80997
20548
40013
60807
46929
41211
46643
44897
67275
33062
85351
64780
34581
46030
86341
88275
44880
52233
70089
59494
22722
48378
33763
73050
26814
44039
40601
58956
77648
31026
36912
32762
63844
42149
80080
52964
43797
57387
67959
40285
68918
89100
32881
81237
71100
81860
6222
46703
51948
80476
1953
67248
11373
61693
24904
48273
8537
94866
61103
53220
45591
66664
48412
59088
50214
73451
39148
10574
73782
66686
82474
86704
53528
34826
60297
63374
79686
59801
57111
74263
94859
38415
36826
58635
43128
97272
8004
50443
37897
57565
58188
63283
87309
57374
77658
62316
33022
58641
53521
66021
69023
83708
32955
62389
77194
41612
33262
42294
31944
18714
35670
92569
34853
47121
36579
16672
29465
35266
98702
44164
35816
53976
33847
37940
78330
72429
43896
38431
77968
54904
70994
89927
36960
82852
34461
36879
55098
12545
45088
56301
81242
82976
24169
44692
88502
42190
37079
30313
37545
32910
59189
36150
12438
65064
43976
25124
70966
81632
39885
34116
57680
37206
36227
64606
18870
34146
48579
58379
36402
38510
34718
68902
56055
75687
39367
35621
57540
10870
70404
95723
22973
53934
15527
81467
45330
69758
51750
84595
71835
59066
40704
78620
31606
97351
42656
14147
35137
54367
58410
66235
57404
34398
36924
51247
9348
42809
41274
33853
65642
83924
47659
69082
35926
48137
26080
53453
38760
51296
89119
45737
60389
76158
39236
96840
61828
11103
51937
13439
35428
45441
60340
13686
46062
66477
58345
58328
56200
41502
70570
63922
51250
12051
11207
5681
33446
81998
36595
69993
50308
33645
48628
66785
49295
51665
44700
44318
46377
96006
60322
66245
2716
54238
76558
40694
63399
40850
51890
80450
32887
17495
35498
9314
33759
57773
37343
39540
68239
66827
65630
17425
34127
45730
49485
36238
49414
8373
42026
68316
58979
64392
61923
30167
41468
51383
15627
36501
45871
58866
86223
34648
97249
58126
45459
8389
52190
56659
32544
53954
49235
40087
46027
73234
54509
24876
24714
74802
23217
33252
71467
38389
60806
51949
84506
38142
44627
71902
49971
69781
33920
35985
39282
34305
39792
57840
38299
47196
55208
33670
41663
21161
73954
34684
38777
40562
51050
51867
75871
24483
49887
46513
70060
95324
53421
74037
38812
70149
40869
56723
19454
83535
37655
47532
64498
61991
35035
61977
41554
42125
59202
72274
79954
34085
63798
10669
39125
72870
42951
49631
67994
87349
73898
37613
54762
21992
71094
58271
44096
86547
36920
39135
39819
57922
52561
40151
27748
57188
35075
98324
52768
11791
34066
30722
48891
7744
60044
48257
11400
65177
59415
83327
71782
41759
93961
60983
36525
47712
19830
66307
17895
90995
56523
14953
38243
35607
87640
53377
35597
59493
23407
63023
43052
54059
44731
67125
40122
37094
92519
50653
43466
69615
47235
37748
30254
47604
79761
81138
43137
81719
67933
33420
39751
35032
33118
71997
11999
53034
43610
95838
60292
37227
58939
82753
46112
42837
43015
43069
79234
50076
77709
55266
66857
49293
79093
60073
52273
29698
48241
60290
53084
16085
17817
54611
45124
86495
59360
54077
65690
35411
66390
46758
56543
72689
44616
32820
54537
67149
39475
38404
99194
49590
15738
49724
63001
46635
76602
44632
83550
33321
39552
37649
61233
21725
39105
51275
60776
38343
46672
32411
45994
68081
57398
31615
64365
6364
40966
55411
62687
59682
71689
58239
44565
34961
59237
87091
42824
53658
23209
50153
52006
66883
42191
54622
70234
38532
5688
51186
55907
38699
66937
25338
60074
35041
63205
39954
44719
88191
21130
33507
67128
72940
94692
47082
39739
90885
33425
58350
43531
65891
46889
41682
38806
88237
51599
80887
78727
46644
35735
45735
38114
87759
50407
33401
65137
45398
64956
40323
32266
61048
99049
60555
67524
84696
46015
58796
79840
11652
71614
38341
65869
47888
48114
92033
57753
55023
43373
33004
45893
54702
47072
49262
32954
70911
50002
81878
55622
19355
32888
10902
57649
66740
63884
34691
50202
80499
46431
79213
66967
51154
76435
65297
84842
38396
58179
49363
95975
56425
72214
58287
30635
54673
45976
55693
26690
57854
64856
73317
29588
84346
53448
67010
56435
53443
33107
75286
49822
51764
10825
68924
34161
80523
49151
87709
57283
62749
97446
58686
17664
83879
66072
89068
52085
65429
53457
41261
42472
73461
49910
34736
68321
34380
6484
63370
52484
52547
44813
71261
28120
49339
40233
69760
44234
30755
35342
24804
19194
44354
95184
52096
43560
8539
42815
50829
56528
34236
79401
57887
39100
59967
37352
41982
37986
11429
36386
75070
30378
79865
50571
42272
99169
63075
51070
58531
55954
62011
99287
54693
36300
37732
69667
69761
64226
72382
53690
82856
86094
61019
68248
30355
93305
51027
50080
78157
81197
67711
30272
56595
38126
45947
37156
65512
90502
51566
23344
60012
54454
49146
41593
42097
40457
62804
20443
44159
38353
54619
71547
48798
51491
41204
61929
39555
41947
15720
36890
26292
74311
77035
35784
82257
37509
44007
41711
20228
39989
35183
27763
93931
37593
68874
69387
43463
20079
76771
83102
44930
4495
14112
17648
90393
38468
48011
79867
42386
21909
39068
38694
93141
79744
42347
10932
67950
21324
40046
55949
55383
33318
83762
31683
94147
36358
75610
88091
60945
38067
67821
40472
64082
53138
40979
64208
67502
44783
23835
83435
64845
39309
95729
38877
54164
89425
43506
37441
40092
54788
78154
80153
53589
40082
52779
36074
78852
12152
65600
58922
66272
68223
31100
77903
43191
54529
36844
34211
72213
42652
76307
97136
34497
80242
13365
52377
35490
42641
46462
40300
39337
45942
13543
40389
59517
50896
36623
38296
38270
17581
69079
39335
54400
57130
47561
42038
93549
34417
46381
53370
39510
80159
2308
86681
77308
72290
38624
70806
66959
84703
53917
50042
34416
38861
59976
75224
66730
78572
41552
54589
77909
50269
56434
45414
37788
24825
53827
44626
55874
99995
36995
52492
60622
43892
35429
48757
27570
35037
80214
7802
36270
45935
58879
35190
91298
75073
43158
86142
80492
14220
43718
47089
45307
38747
65213
87984
34966
85530
60770
54602
42487
71811
28461
34005
48485
65329
14811
43203
52841
68163
66416
33468
35560
33371
58745
29456
41282
52685
37136
52156
60752
80872
63403
33257
61606
36536
64417
93765
19588
37181
44659
93037
36866
61834
51622
32073
30040
69094
32679
46987
65043
49462
41100
70098
47421
49076
90653
99557
77002
39929
8523
67155
48941
41060
53367
76161
16349
34430
78063
70420
36592
37980
33616
38482
49511
58828
68705
66455
49353
35794
56429
46947
59100
75238
41031
70865
92744
4663
38792
56579
62130
43907
96507
75248
81745
38068
36779
59908
56677
1717
44802
40055
62628
60108
37031
37722
33088
65583
52065
42501
79698
42596
30156
65538
18881
51223
25680
10372
16541
67709
43096
52621
52525
71833
33098
69326
53546
68173
84943
97088
33740
55501
43479
43348
89081
61911
61813
42232
45149
35764
34588
51575
36718
60030
95349
2953
51539
39860
82517
87062
42013
86421
71401
89471
971
49456
36796
83422
34166
71171
92694
63793
67748
74338
40235
37133
55892
31221
49483
21977
97201
52868
60626
22673
67816
69542
21802
33978
41528
80364
95045
50201
36140
42543
52985
35149
57735
80501
36915
33148
44935
60741
90390
47294
48082
32425
16417
61757
37769
80576
65892
66727
98681
86555
36608
34357
66324
87888
78193
53743
57874
33822
34636
27424
64550
66869
34578
43810
33232
37312
39733
46287
56686
77793
21684
36387
4609
36659
36682
57879
38383
94399
42776
79697
47052
41610
34124
35043
10667
88925
68984
50484
53722
55157
29967
60166
55375
45829
54074
50448
55265
54555
61957
35844
43135
34657
43662
42027
48867
85468
36099
99177
38921
55621
44450
51286
43744
71168
32787
38559
88227
57445
37907
76311
18266
33538
48812
46111
68862
54173
57065
62468
48211
65478
45851
41869
51426
57073
42119
71398
16305
39310
38393
15282
67961
27170
76787
1254
892
46396
46262
48415
42189
92187
37888
16877
35198
77996
39211
98746
47540
48547
12066
51303
48556
33516
71685
68024
69721
41696
75471
41566
59758
13633
61707
52869
11021
49164
68825
83543
12230
15503
34878
44615
63372
65958
47341
14939
53047
48397
75167
69422
59813
23501
9500
39983
50690
46978
90192
46953
96348
32977
34487
61948
61677
58661
23196
71960
36167
6861
92587
60085
95450
65571
36961
46871
8350
54930
6688
44454
89231
11538
58792
73944
53571
63190
45534
39984
40342
67640
38582
58445
36560
56396
40731
32959
61387
76888
37155
51996
79824
11879
34952
48611
45467
69528
19095
45621
83101
19955
83935
42950
63312
33902
33812
59353
37781
44066
50931
36298
89341
79034
68897
33729
36252
77844
60423
87336
14918
87549
65195
42128
56166
31899
4777
43171
50985
40478
37836
56856
25714
44772
19859
48901
74293
44385
22413
36045
34771
68983
73091
34941
38428
51595
59819
94075
79156
11874
36982
22030
84878
9508
95998
84630
27244
36026
35595
62664
14775
81435
56827
33395
47537
53952
54298
45731
41101
70199
55164
40237
98231
39814
55201
41265
67855
40907
37700
32381
50298
43011
39945
45166
35005
62895
41005
44707
34017
74345
89644
90628
20290
55106
36644
44827
63859
57402
62644
65072
36749
50755
47162
69838
37671
86076
37681
54949
47796
36487
37042
76413
72340
34456
27069
72358
87002
17080
16591
462
76303
55415
67403
35740
12207
67741
62427
38733
83073
51643
57161
45655
56472
33089
70210
41581
69985
77338
71151
36628
34347
83680
51763
69836
61341
44636
27682
83792
64842
78024
56058
48634
38107
42440
62697
42778
39132
83333
47605
21633
39937
43770
40899
33526
66179
72986
73137
85514
55952
43085
38340
38191
98071
58714
15370
18149
56829
57097
36817
33082
50626
39195
25241
22800
47894
2019
33605
39208
44630
82851
47595
20610
54104
92322
41354
61989
82882
75993
51906
62202
50395
51260
21343
17055
59441
88700
44883
74167
40805
68846
34743
33464
73897
44376
36159
71061
41470
50649
59177
68349
43320
56822
98350
32896
64157
64753
53831
37018
10519
33711
51814
50429
49101
77559
40865
55873
34885
19504
80821
16547
47327
85994
45606
62184
38032
92838
59633
59943
35414
57199
51279
86280
39047
67975
57132
63292
65915
70759
44661
48903
59784
67535
43582
38929
73627
12840
68452
44317
88057
52036
34381
33450
62117
83448
66734
79829
10460
40266
57602
70953
42207
86761
68625
74397
38982
58017
20777
57729
50591
33694
42370
18531
49744
35080
36531
33906
71336
37627
63240
35659
54001
10174
58157
18073
37012
12135
57030
69513
62789
82431
55076
50821
72360
42396
44033
36897
92936
55685
44947
69283
42637
58925
62594
53350
41006
51462
58958
56737
57238
13758
36352
55558
43524
36681
39882
53321
32427
72230
2600
37069
39091
36139
16313
60841
42018
93601
31124
65279
51897
49410
35345
20071
45198
42734
85834
94409
7345
92476
64973
89230
55563
47111
60397
73810
76452
92470
50682
32974
58151
94852
74334
68422
39112
56176
39955
48497
35642
36019
55309
13306
60561
76961
41590
79847
66611
90730
38925
61008
528
51042
73947
75304
97253
49855
55213
71395
38884
67962
4230
59126
46526
82492
42365
50461
38839
72553
50987
52708
34663
50466
43131
84336
31934
75528
33208
33158
90655
41472
66365
10247
45015
76968
69526
71725
34945
70772
34364
40622
85730
28851
48555
53335
42949
59730
33247
51391
83014
7987
15632
42388
16035
42216
51806
33650
53531
4455
65838
54325
69635
58047
72036
99397
85256
42150
44708
34565
40405
69906
24248
97298
35838
34940
35012
78881
34210
47483
68879
46882
64636
43486
47325
39965
49512
5142
35400
75502
99580
69749
59945
40653
50921
34291
65105
3024
61868
39579
35702
42677
52661
48278
39577
95033
85987
54990
32168
40871
1937
28779
44424
68263
83090
85023
51908
50475
43934
83077
69887
56956
89638
22278
76650
60029
46124
33278
48627
56131
56868
94512
43730
56970
36954
43852
50573
67549
63607
33226
79501
29471
16113
73908
33982
36404
34499
56840
15975
75589
73630
45065
820
72127
58140
20485
66681
44555
65333
72672
1508
65151
65174
46915
50119
53909
65576
54772
15417
20847
34106
97035
54658
44122
75788
17598
45749
44635
44260
60058
70590
40928
65564
35699
77890
51967
63968
22788
81277
51283
51451
86190
88471
50150
56218
13404
86150
81337
76591
77396
48476
62503
36340
53131
7605
34120
33048
33145
41827
39209
40848
67660
82242
80482
20132
66962
44326
46113
15892
59133
56379
35761
87627
42626
49879
28232
51128
70129
63757
63525
65745
42634
43917
37658
48025
36456
45533
27241
62919
46126
47839
93512
33325
75469
3359
82005
49892
9401
51827
44247
68793
54331
79204
83210
45582
79903
41324
43723
89739
84410
26486
96163
13929
33441
43130
24999
36016
44147
65721
37481
37487
66523
46509
51100
53046
40911
62067
27616
46193
13518
67804
46507
47032
77981
96981
95500
7788
45688
89696
35214
60082
68875
77160
11158
44506
35467
50086
76101
38603
84078
44724
48755
56327
45584
33343
32866
46810
33147
97054
46912
50273
37292
46201
51775
40146
55050
46626
38326
60972
54355
55809
44931
39640
32795
34097
51633
46105
49903
13083
33513
36776
46451
57920
37380
62596
39161
50035
46070
16294
91689
56597
79490
47656
76497
76887
38317
43217
32252
87953
68559
8548
65416
81339
17819
6403
43005
80101
58978
77221
96286
58838
36191
33829
33965
92782
37148
44817
11883
47191
56917
83153
29107
22619
41950
31690
58595
43125
89264
12846
38425
38575
99518
49342
87644
35445
48460
70601
93861
21928
50995
48753
41299
58918
7010
68806
37062
53384
44795
47777
36877
34324
39925
21572
36269
53505
38857
19648
49864
59116
59874
77735
82671
74224
93247
47021
47220
34405
80261
34270
82387
45118
3425
38553
6811
15613
39224
68083
51924
25533
16842
72660
29076
34935
74969
70558
95884
93885
44255
82930
73924
97574
38878
63847
15926
66849
65795
80017
27536
44278
40017
76662
92162
57211
46292
43315
61982
33757
99409
33273
48565
75280
60222
57483
21554
16687
44268
36335
35526
6253
71335
49201
26135
36493
79102
87193
46058
19939
39686
50565
60639
37398
64260
50058
36967
3279
67114
46766
64812
39122
68528
41045
4723
86049
92342
48178
65790
49426
44473
22332
94740
59045
49849
90391
38429
35415
42847
39165
94754
29340
38361
24135
46852
35234
33954
37735
45171
61686
10911
49182
52071
59164
90863
59252
37342
22629
71108
88160
75042
58701
40611
40162
39702
38782
85013
52529
36721
40279
46597
39767
13363
62126
46252
63587
63488
82955
51352
54423
50198
51267
34488
45252
47273
48810
75644
34908
40921
38828
7376
14785
39088
73700
45351
66805
41104
31049
65864
54442
61345
43677
82545
37696
63592
30951
52819
35218
63686
33410
49283
57201
39334
52127
64373
84705
40669
40268
57337
51043
11022
59854
41871
50381
82768
9983
40232
96462
81177
49231
48080
42635
82383
38993
85967
44680
53269
14970
39576
53667
79376
51751
50422
67799
37916
42831
52627
47321
71373
58202
36765
57196
46811
74099
67716
47967
68598
21492
77534
11301
46439
35928
39558
62643
47133
73397
39287
70271
42935
33061
69502
28077
47480
72617
69574
87061
57672
47125
94005
83007
65577
43043
65699
9155
14809
65162
35742
59811
19352
66121
33002
34949
46674
58136
52296
18693
52829
17612
46524
18020
37359
49469
81074
42452
42497
62847
48284
50741
42792
86332
63978
38222
43263
59405
38440
99460
55288
46903
95248
33132
44579
68193
35568
30982
35774
37401
37254
51850
46573
86096
77014
34529
23273
35720
42697
60086
55211
63097
44811
10898
69161
55536
41786
84627
36315
80199
61465
74877
43198
37134
34454
45578
55701
66941
52888
13043
44524
33414
51848
47275
47759
51416
16163
69041
69015
92734
14926
23440
52628
88705
21850
69499
32864
47127
68554
55706
34201
47144
81872
1283
34133
33481
41591
47971
84164
38236
7756
46011
52629
62028
53782
29584
42995
41323
58458
37045
37707
39728
44779
32908
43826
72778
55129
40826
23980
81098
35130
45116
33299
39904
66311
45261
88243
33911
99012
68593
36910
34733
74648
33042
42660
63322
52935
51269
50487
33992
33090
55237
89125
37547
42961
49277
35889
39805
32822
56382
80162
2164
57732
39794
54191
45376
79470
45907
63131
64455
25455
96573
43890
32899
81154
53329
61030
43250
45577
40267
25189
60835
35409
97952
21659
46466
14843
34784
6476
34980
62383
45703
1082
55227
70829
35712
46366
46621
49982
14734
38598
41815
35886
93404
52595
75601
49830
65128
68604
60597
14446
96086
64152
2138
42789
57979
91443
86816
31012
81329
51569
33494
56728
52108
38509
88508
79073
50120
4086
36077
37866
13604
35510
34528
19915
70315
51392
65886
65479
34162
50327
57647
34170
35489
58083
42268
67295
74084
63976
42999
50256
39421
55576
66698
37168
38766
40139
38763
43734
43579
47290
40900
69149
36900
51023
41115
74701
80588
20759
96350
34988
6068
80958
63415
65741
75421
49202
40735
33801
49762
51097
31007
58045
74451
47157
49021
41469
88231
44116
17666
59391
58914
15068
28687
62762
87191
82442
79807
68643
75825
37297
52331
42988
55817
44589
13430
58809
39019
72450
48783
34494
44150
44972
22371
29551
97453
69189
35257
68244
75235
46937
64752
91472
71828
58314
45201
46368
35554
53188
39620
47177
23162
84561
37362
50525
33156
66679
70767
34252
63143
39709
97649
38259
39206
43781
20455
26577
67014
59308
97415
13273
10553
37686
27278
22417
53746
34296
34486
34873
57218
59289
34237
34724
35992
27260
68471
42986
66689
34840
61466
34746
19251
49090
83688
37941
35996
26611
38629
64849
56072
59318
40637
25786
66648
35768
34065
60210
35906
14510
91611
62448
66513
46108
40160
14560
48744
50867
53550
62297
47732
46779
39714
44939
59568
73513
32843
47486
47279
77785
38009
93600
48086
63512
48546
27988
61047
63152
38204
33153
46186
48886
57925
61087
37603
11388
73170
54551
35880
81218
69616
29170
38946
83081
6493
19909
43537
48563
36639
34902
55915
62641
74391
10234
43314
86930
77327
34209
93956
40987
49449
54502
69476
33731
70494
64695
45944
59114
6903
88511
69831
40225
33480
39232
35943
61148
18853
37548
18612
64711
48859
69010
9696
68905
63528
80442
73037
51375
4624
82878
39931
35385
8006
86990
47193
71885
33125
36562
65651
79855
54364
37998
50200
36850
69585
33767
70906
35125
29889
61950
18006
41744
57589
46427
51009
96465
60705
39942
40111
55664
36316
57070
51671
88635
60932
56980
91287
34368
48624
33733
8514
49044
45272
42257
36736
12904
35311
32790
51423
57759
59897
40705
78141
50097
75604
70878
55148
56479
75532
47735
19042
89971
71318
52827
33109
14963
59044
97471
85055
36353
37847
38642
38123
56681
39425
61072
36219
46910
80200
28310
65169
44775
33366
44126
39827
8358
51658
63526
37001
52955
34832
22928
78247
56682
84183
72425
52637
70655
51826
35404
78086
38987
84439
38744
52258
33890
37850
80935
39193
16861
48472
55688
52453
72000
48487
90084
44887
36698
64947
74436
54888
65178
41729
38944
37822
96400
41834
70373
75999
45635
33891
56573
41616
33491
35073
67109
53544
64666
38069
68361
39834
48171
69919
28344
71656
45812
55428
82433
51282
37761
11060
36097
82348
66414
33397
69232
51205
55498
36971
73373
54277
48255
51017
18908
72956
35131
61348
40188
11904
57442
37121
57658
83280
52120
45888
50057
37984
7514
54350
79406
35999
76342
48950
83483
87360
74460
2125
44942
58527
64992
58488
85778
51613
41352
34667
42446
38739
22001
45076
58585
53768
47300
41248
26444
97509
82219
42069
56215
61205
20276
9371
41771
68563
71349
48315
40123
32970
36771
58368
35057
39887
45253
77203
41320
41238
34056
35329
85772
86959
58928
2118
33445
7212
40380
51054
45213
40398
28889
46341
16013
75005
25544
50521
44474
39217
98227
36739
80776
51878
61099
37895
40181
67241
41792
55420
19873
51699
52615
49340
37783
44321
33839
34999
11478
41993
40354
44710
48245
49323
57037
31069
28810
66371
38831
35994
41941
60110
50188
32713
38159
93569
42338
37402
16001
66378
94833
48100
99708
71568
85255
44002
56557
43912
61578
41788
57609
66029
65786
60187
23460
33135
48195
81565
78788
55272
47533
45318
51259
86530
57852
37634
69354
39900
46074
65412
47403
73166
16282
5272
47389
37918
70864
26271
38238
67113
90030
36870
27935
55964
86954
22321
69357
62861
71328
53510
96307
79362
38300
84548
48005
71675
36324
52459
44848
20667
50636
73774
34610
34476
42408
77044
41851
19068
33654
60917
64153
40456
6771
33789
70787
41256
44295
92512
51306
92377
60617
56313
61540
57790
35863
43483
62600
34247
33869
47795
52743
45612
79356
46280
34099
51379
97282
62298
85952
60415
41250
38103
43192
39117
98539
18396
22911
65214
40216
38231
39134
72554
22865
85476
39406
37145
57916
47926
42012
59378
34829
36385
33060
44836
21672
44099
41198
45189
50111
35104
71330
41658
9152
62329
55974
32305
63437
74677
50770
45603
6250
55778
19139
40787
54972
82103
61504
66761
71152
81393
44041
72858
32942
75169
77533
9074
38889
57084
64787
52756
44810
76615
63263
46569
64599
18062
69236
38669
14835
47673
48102
86620
43435
63713
47661
71409
53573
87234
45900
54878
48071
73121
10940
45295
51786
88709
82335
68535
53057
99632
72609
64433
73959
47371
53613
55373
81653
1586
13036
87226
34135
28460
44927
36994
63124
3438
41201
79402
45381
48264
98825
49221
44562
49237
98523
41255
39835
30444
55180
88046
41944
41678
59681
76360
42755
35570
34244
37789
39871
45033
85800
35877
93016
46528
17191
48702
90823
31296
14090
41650
72070
72263
42835
49377
41298
44161
29819
37283
66400
78553
52609
47108
39196
38190
41563
34448
61710
59971
79657
54825
28205
34573
4013
37432
47148
55847
87021
36015
11500
33995
18969
52638
36972
44905
35984
44950
36599
82804
41538
93592
45255
83460
44837
67044
34451
44852
82530
94365
35258
93362
35269
54349
57368
84027
61647
1869
74942
45175
37948
86256
35423
73654
7701
14610
40917
7730
58187
55740
78548
65668
44919
54534
75908
36388
82940
38823
56033
55951
33586
45264
63511
54759
67831
75741
49216
33631
62701
42458
37654
38148
36255
53166
64766
60613
56310
4672
52437
26745
39666
54810
53037
55203
45332
35708
51291
62172
67528
32934
29223
39400
61557
54717
29290
34415
96349
17930
51701
69127
87960
38331
25018
33219
8732
55634
39976
89923
44072
49163
97420
38930
29462
42073
43572
64021
75582
46035
29426
62457
59548
42378
45544
37212
62354
40148
17785
35573
35009
47862
34638
90604
66080
75283
78538
1868
80419
46274
49962
99148
90865
62092
47937
77129
64304
53195
84152
39525
61501
87585
47339
30788
62337
60588
14023
58728
98990
26769
4273
43762
31001
51681
77086
69888
68075
23856
63508
44640
12646
38164
51525
23001
34701
55078
53997
96388
40275
27987
64651
79732
54678
40769
87505
26162
39108
47734
83768
75631
48541
5224
66159
44816
98790
9777
65210
18781
90998
73496
36088
37233
70302
74089
40063
34844
80752
54435
54684
42555
66778
77975
51840
75177
91041
49868
63367
43430
88748
91556
84512
34796
43105
67151
32771
64351
91397
22681
32821
53014
34188
41024
33804
46678
33585
61366
61305
47506
10608
44132
36264
40385
56973
41079
36103
39902
59371
56027
39499
45519
57272
81299
35006
81411
72527
17260
33817
31436
47009
33243
39402
58805
34975
37128
92081
25178
90662
62964
68121
53760
53759
44596
55295
47981
84169
79020
50790
55534
53899
61958
43097
51113
65496
58570
53779
36165
52094
52271
53988
64168
58719
36741
56939
19025
50672
34051
57727
77410
54582
72172
52548
47916
43935
86619
52773
49783
43635
38665
45623
71404
29522
64547
3136
49227
95592
47344
33047
37673
77459
18727
13390
42542
63012
44049
38615
56135
52805
62373
93474
12997
52145
40872
48121
40315
38875
41008
19146
70962
82675
34003
34233
41237
35856
83196
11629
41689
43726
40391
38423
41333
42617
87242
42825
33798
60302
60563
66547
42297
68346
46530
75046
33994
97475
55438
77828
35431
65601
43962
59287
43913
63067
80338
48428
34431
54401
41802
14434
76623
85341
33016
60173
40778
41905
45915
82491
83743
44574
17906
40547
61935
53081
43509
38721
71733
52335
39675
52952
59084
25122
48577
51759
44358
32987
43567
65357
85079
70141
62121
54385
40905
57336
47233
80703
20874
50390
34698
79302
79482
37439
45675
39079
44563
65448
65159
35521
73807
36626
70774
38627
49450
47367
46559
50397
88575
35117
64631
77113
36086
34513
46107
78841
77178
95396
34728
70232
21247
55629
43615
51632
35843
92713
52414
50194
39982
54289
46267
33168
33041
39468
46494
69374
98511
90001
50950
36491
3228
66282
42516
48759
60247
15385
91728
87905
79113
23643
47208
49704
27855
40031
70105
74946
62627
44369
39069
32019
50107
33617
47613
44510
50416
43733
44657
37598
33553
65527
32886
44331
3537
36985
64331
52527
34658
82543
36575
99916
64284
1095
34082
81952
56596
79049
50139
57074
58272
67119
44872
41843
85249
35317
59835
32995
20293
47895
51158
40675
94619
43683
43390
57605
66699
44069
51257
14473
14200
57675
68094
37505
60734
37974
42858
53655
13913
54291
54710
16291
62954
82476
14470
41828
49460
40352
65407
36678
61915
46661
16821
62342
42250
34425
35934
79321
46488
81198
32992
52754
80518
65467
45958
44923
60514
55475
64069
52435
48217
38227
75866
13423
54170
52232
61981
50880
34069
87721
39647
74973
35859
35588
97929
68416
20919
67822
28531
65022
68977
35249
36274
60216
62033
63717
71052
10125
57683
44786
48856
38433
33609
94131
39704
33194
90163
78271
33337
60830
17636
87594
81346
15059
3454
38184
61550
56632
58634
37995
20156
38192
40272
63444
47881
33154
14656
70456
85475
68717
48361
46434
79008
50799
60718
42179
70721
33176
60277
56128
13130
61538
63469
59051
60914
36452
33811
57752
34861
92616
82208
34045
15643
43709
60603
4640
46246
83091
58906
40010
55401
40244
33773
34857
24900
17219
72323
62866
38137
32929
3778
39646
34369
46004
16515
36068
49228
45329
13536
64652
33386
47079
93022
43738
58528
40443
85367
77357
41116
40925
45202
52086
83332
39243
83286
96839
47617
24246
53940
74090
39484
53017
40100
39972
65277
73611
37737
40978
45046
29922
40446
45439
64355
33382
46043
83259
51951
63471
50493
36142
85007
59637
35268
33505
41268
35541
41666
88856
94447
52417
18839
26619
97551
23343
54358
37135
6683
49036
73092
53375
68634
58464
56531
74255
50099
26859
78525
48103
56878
91707
16177
74032
66183
50401
60462
43580
90205
47931
56929
32916
35851
64437
40222
77147
37006
60895
66351
45012
40080
42407
37406
80250
41605
88560
38736
51936
54070
69523
33680
91516
58687
60850
42349
68460
54356
47636
33127
9294
15436
43640
62986
61671
84190
86665
41140
92145
62249
95047
8290
65819
99108
33215
32779
42904
40885
81734
35819
46172
45552
58285
97342
34323
13646
41094
47372
39917
46955
39795
19662
63392
34937
37766
42188
79447
53261
32852
35226
43664
34721
94875
98518
43870
51728
53953
58804
36539
35380
55437
51448
36737
37873
49494
36618
62365
96126
36213
98548
52916
85564
36929
54484
41725
10550
47753
13110
44168
63412
41160
98445
49230
70075
33187
59049
36379
64401
96515
92280
45244
33492
35787
49157
1194
47299
44845
47044
68098
86249
37195
37460
97945
45518
38401
35260
39221
31151
33050
43882
78322
68289
62087
33554
37977
43232
36460
42321
33039
78486
63776
52480
43820
50624
73347
54781
55648
66146
48817
55342
41770
16563
61764
49447
63463
53391
58176
36313
42011
55089
45535
35954
50224
38213
33594
34351
50917
38395
73165
47439
39150
55278
43561
54630
49984
35123
7521
8074
61014
34015
54224
58152
39318
76251
84766
62526
33487
33879
41858
45393
81800
44571
53180
54718
37177
52618
79853
43241
52498
61303
79404
70504
46574
9620
52693
4396
43814
37947
42583
47948
38969
41556
39399
10989
36936
14694
43359
38983
48289
48625
34669
22133
50579
14559
68839
42364
61560
42742
61498
35027
45586
43401
52073
33474
99337
76823
87839
73727
44732
19608
84732
84760
52800
43545
38852
1225
40913
54688
40894
45156
46053
57078
72771
72555
45119
61716
9911
24112
943
61611
57629
42223
34823
15969
45775
49093
38904
28597
43018
13743
45543
57574
46772
21205
51650
55674
47172
54242
60245
65150
94315
44081
58283
17591
32388
52977
67824
47440
53668
25799
36677
40692
57140
66568
21279
70666
79427
46076
46394
80116
45409
35179
65193
45530
51876
61802
43638
43383
25149
39137
37256
60084
40332
68594
50937
72039
36022
76057
80030
61252
13866
54147
55721
69650
64349
80077
66069
32964
49448
46440
38083
43699
76076
10276
19212
48382
62145
48215
47714
7940
41807
36692
36467
96887
61510
33405
82924
47482
64936
51492
82449
33400
64522
88198
60276
37332
1086
45212
59037
71682
47458
87003
62506
15755
6487
57054
79269
62421
93788
33490
17987
45177
33029
56777
40302
46025
61022
42643
33095
64390
39539
35896
56448
48499
54615
36834
78592
11443
83755
43956
83681
63856
47013
57950
78456
60410
61984
61871
88386
51683
41889
36998
30594
49535
61830
56010
41584
44889
96469
65705
32957
78507
35577
46983
36792
71659
44091
49350
73756
49515
59160
36774
36198
61176
69292
77598
15877
34616
78224
78745
54928
61829
75634
48733
67551
40973
41161
45472
49396
93560
67571
44778
35907
93809
74772
34556
37008
38037
50508
39263
76937
60541
42183
43671
11593
16833
67285
46887
76436
8780
66341
73925
85198
34446
72604
38079
89706
49551
42747
68542
38821
34799
47396
35550
27636
36041
50336
49964
38385
35323
52912
44687
35078
35020
17774
34600
54775
61231
39909
47640
61279
44831
63995
64043
37458
67288
45028
48392
50530
46851
80525
90361
55537
81683
48617
56902
73332
24751
53995
60824
41336
58676
54206
66783
49912
89959
48118
31758
35143
41048
53098
84557
58684
65942
33193
40615
65021
43375
53164
74848
35916
38357
49233
71391
36173
40518
83508
44333
30497
59000
39013
64532
41331
46048
48322
47392
47136
46018
59582
41242
38645
60522
36884
35829
31397
36134
36717
44902
62899
71092
54875
85840
35355
35011
73766
324
53143
68092
95610
95589
51965
29334
98654
50274
54143
43353
44442
66702
35644
45709
50722
53584
79921
47571
92005
84888
39980
41706
52099
43775
21844
53383
73116
38481
62078
69745
98226
43827
45169
14302
34108
25213
39185
34668
39155
76947
50526
63722
67060
50281
61974
41607
191
35479
67206
90622
43459
47776
38432
60855
48197
67902
42592
82710
61427
28819
46447
11918
16764
26161
22310
64807
35184
37966
35938
838
64181
46744
62620
66270
40556
32774
55404
41969
994
48119
35663
21861
84537
1186
46594
87996
97682
39391
50679
35539
95805
78693
35383
43179
46167
74469
50511
39966
37146
24993
66832
59896
33923
52462
38952
97051
63879
54335
37983
7240
35995
58983
5286
71738
43972
72547
46905
36574
41795
55287
51553
73678
86821
97332
5644
35195
32949
91785
34791
57133
4102
35675
69597
34944
42368
30753
50786
34836
62853
99728
69847
76122
48290
10242
45242
44220
43213
20138
53499
79843
33449
33238
66559
11290
52479
95294
52886
43439
39030
48662
71110
653
27997
63046
58508
26299
96609
36840
72173
55436
45260
46876
83020
34537
52176
65751
63382
61425
32914
76135
89104
38942
36686
99737
69350
41963
60119
78677
15004
38368
37090
14025
42348
53892
41576
36100
43504
42081
39607
670
59662
28953
9684
35486
89523
36512
54933
43268
72025
54585
26338
43672
42162
76609
29636
12000
36288
76226
90974
84837
45814
33179
76938
67317
97021
35169
24866
42520
33162
47110
79872
63509
80521
34053
34700
55684
76240
58052
53576
76051
60089
45640
37630
54835
68802
34225
91643
45257
44183
63946
36947
7058
3225
19576
72186
85146
59210
65634
71618
39129
30672
79622
93695
47631
45952
95864
21060
36962
70278
18983
94766
42571
10802
67011
69642
55248
32983
36179
41281
33587
45793
40937
68396
57047
48979
34709
44177
33282
73847
37384
53561
37304
83636
32617
60376
38981
43274
98619
45493
72652
33521
73892
52294
66162
34055
49315
36783
45847
39548
61901
86501
83655
94983
33542
71667
57344
43514
45672
73871
75942
38737
34711
81961
57257
86576
53218
72328
79411
60930
51287
9826
40697
47684
10640
40792
39624
45091
33666
49776
51031
34754
64171
78827
34318
30595
96274
47574
50447
90859
98580
27281
20072
35089
69036
67092
58438
47560
53903
43990
34389
60973
50191
33497
96012
33271
50712
25113
47267
17633
53319
84566
35786
56797
87909
59635
48402
45719
74439
61454
67392
59862
58418
14666
33225
35927
50225
73425
38888
46481
51397
59559
67201
42141
38201
19823
65427
8834
94906
89091
63151
59012
23493
48373
54213
61624
71946
41589
35252
55246
33652
41975
43816
51292
77161
37784
32997
52826
32146
90982
44225
34016
41317
66554
53175
8161
86928
34263
46202
78062
37080
86212
42603
82687
97481
40708
40150
45690
38703
37022
7137
39879
95133
62711
69398
43220
69503
47747
32780
19126
37553
38873
37835
34114
28264
72692
51264
81172
95882
48186
42538
72541
42946
58594
62343
40827
58334
34176
46707
63317
31605
60358
41919
81595
32786
67565
42274
68331
78802
54244
36502
47536
67115
35601
97909
35368
56251
42382
75894
2139
88865
47639
71375
36654
23585
7924
51175
46517
90083
42705
60992
93050
37874
56785
76165
81046
25405
67894
51505
38028
56064
39614
53700
43878
63289
35645
77930
65491
9866
33515
54970
52720
35308
43511
20221
45438
36242
93658
37799
15422
35189
60991
33862
56585
65765
75762
14528
72402
11732
89853
69504
36553
35453
73824
92136
49033
16951
39828
84848
57636
64728
61618
38211
63106
49075
12423
62015
87933
58518
88869
55350
37763
42014
30323
42008
38788
60803
51729
99163
46777
27755
63078
36370
71558
51998
41026
17192
87904
35741
8911
33636
51207
59429
43331
53981
36601
35596
38065
54735
52848
39632
33195
34752
55015
66389
63423
32927
32944
38768
35763
88919
45512
35561
69623
47088
40383
96434
32100
68914
43031
10187
95507
30452
56492
92392
51440
17691
59663
96312
44528
74902
67610
52674
47915
60596
404
81028
65323
34339
59271
84724
81521
69128
56565
36582
43449
19483
15431
35405
41738
76711
29190
38220
55818
84397
35750
47319
11533
41848
23056
60308
63058
36586
38636
58138
47901
47269
11406
55922
53729
36598
39690
50611
38314
69217
31568
40200
57985
42358
55980
38380
69257
79277
26209
51744
44271
64145
7109
83627
79454
44200
63692
49357
66349
48673
23486
71982
58739
45838
8919
77700
43101
52978
57844
59962
21221
74550
88566
36292
26652
37124
11171
67768
31887
33276
96640
36194
3347
36152
41820
42251
26600
36612
10111
47217
99907
53108
24861
36647
79000
37192
89773
4711
87167
54668
39816
34117
56751
91518
75014
46104
36734
36214
18479
60739
22601
41623
56955
82215
42553
35781
57809
37159
87320
58576
46329
99992
54035
75393
48133
76326
74205
35187
13774
38865
49958
19550
48650
7233
42653
51457
96489
36360
93723
83673
78285
43122
33642
92954
62533
63558
98438
58881
97045
33018
80248
37436
23552
45041
40990
56163
43278
71802
34835
41599
60331
34080
34664
8444
41752
48782
61630
81650
36002
21545
33269
44313
49681
33647
77977
56403
41694
40460
58104
33241
65950
35237
70135
25772
83805
6252
89717
34131
59723
43311
44386
73660
69244
84364
798
35347
54937
75039
58414
2402
40257
29096
28760
89705
44167
86065
73826
44131
79083
14048
24414
38215
33536
56864
41849
38172
39354
6732
50288
35530
37188
59026
39041
41636
66481
45083
18289
19965
52223
42534
41709
67410
77589
33518
62890
86604
33698
74074
42906
72934
40794
36062
94823
61801
71181
62109
37511
52557
10119
34708
41364
63485
75875
89279
41773
6996
55135
34121
98543
43377
44646
86309
47041
65267
44293
57361
46174
38967
39536
82367
62901
34563
32894
69848
47898
47255
62850
48128
58315
34179
48932
41091
90551
47526
56250
97960
37733
60263
97787
63912
39812
50242
33316
34640
51230
37698
94072
64633
48809
13897
66696
65833
9002
71196
17460
47503
54323
36674
40485
43891
45724
67555
42540
64424
38549
35291
46235
33324
57502
38780
94413
26597
51348
39199
74761
38024
65573
47160
32876
65767
57357
45507
42712
43842
33766
42301
21530
68231
46464
37747
78631
53677
56107
22959
32177
34642
72047
71793
76943
63185
98382
43597
79018
36781
40396
61907
61765
69162
71406
67373
61026
34148
50593
46835
52830
9595
77265
58059
51682
97111
48853
33535
37542
75117
8242
69819
38996
34621
73844
56059
68368
43173
44262
49650
74952
39225
66676
28811
55934
64672
39015
33949
44735
39627
64754
79831
78675
39667
85230
69165
14288
67154
35193
62569
51858
48870
67230
76694
14565
46386
73843
42768
43347
67440
34137
69487
4608
34232
49752
25862
58604
35790
48482
35719
74616
43803
75705
45505
86316
27202
51272
74063
68600
59396
9241
68683
17750
58428
72392
46855
5425
40934
29801
66964
36101
63144
40914
49555
47725
39588
98916
18528
79773
38871
45302
68988
56084
81874
27445
98363
27201
42108
52239
47809
14866
58320
53065
54492
59215
39605
34882
92532
56289
48075
37288
13867
50081
66264
38927
77953
39372
37207
75120
38879
37214
88228
65116
67501
35961
51360
73098
77211
38351
36760
87524
10210
45773
80324
33426
79056
85195
76908
27915
11344
32880
8880
1948
18378
54141
32938
38985
65264
62313
39045
53588
80032
22298
19945
67810
34213
24167
20347
43940
53149
73748
87420
37537
67406
1072
61410
41473
47563
95168
51321
11558
52649
67156
45945
62535
36699
38535
33990
45869
35717
79236
64105
99379
15160
59840
57036
17896
40965
38338
65687
34043
70318
62364
37490
93137
49275
84251
40292
82854
42419
41594
40725
41826
77185
66101
59935
45923
34777
41349
49441
78768
71516
56197
58185
55697
81368
38290
64831
9327
55941
32641
54477
19765
17905
90894
42545
86201
34113
48467
39535
59291
48095
38266
43889
81469
42029
60059
35972
84374
13389
51015
44061
52410
72624
41378
50159
80825
87043
58552
47546
37247
58073
57863
73431
40008
36846
43143
42035
72272
40908
64012
47711
19400
42437
66580
41032
91714
33121
69851
58299
34309
43859
10708
84493
19254
22999
8606
3845
65089
47791
78262
41452
47806
72568
66666
34953
39202
80986
48776
43587
24529
39491
59792
41203
66996
32960
38021
91070
33066
52329
44576
63702
58708
58201
54083
48249
66314
40817
33275
51733
76891
92304
46651
71004
39298
50340
60350
74034
16198
78991
7438
44959
84635
36762
47309
40775
4718
66640
65309
50019
12876
65875
49805
77742
36283
75933
91854
2785
4245
28473
68376
56952
89399
59605
82423
46585
59454
89524
82288
65582
48610
41836
61794
55870
23090
10571
4371
38848
37479
43092
47433
71571
40754
16899
52701
44856
35402
91371
62512
36761
68159
7469
26189
64095
25190
88018
45642
46100
4276
45067
44660
63956
63434
54770
44106
79685
67960
41000
43460
27939
48584
51191
62779
18032
48296
79383
34360
38350
49057
57549
41147
82864
82472
56463
11428
42748
36004
33470
50796
43325
38541
79076
64822
45706
43642
47174
65761
51274
53890
48811
30865
17229
50699
61995
42507
57285
51832
98263
46925
38713
88825
69743
41036
50774
58462
90597
34435
53342
49111
35063
38908
40374
8974
55787
54812
56210
36433
1412
58013
53389
88789
35259
48785
41821
62016
59190
81482
46056
87972
48072
21084
56850
49886
57439
64913
77372
51710
30740
37422
84655
37269
69855
39245
41600
52857
46943
64413
41609
53001
39393
59009
37677
77114
77509
15945
52201
45051
74690
5313
57423
85405
43541
50765
56658
47667
60868
51743
41490
52735
56386
41697
33452
18401
13762
17688
50706
38233
42124
42602
60206
41078
9900
52954
74135
58842
58780
51005
46037
34048
77440
62479
65884
66794
65561
42381
19266
92942
60940
75602
47914
49422
48345
34279
36410
89790
54319
52072
44108
72699
63154
39877
48842
20597
68635
33840
61211
8287
28403
33772
35154
62009
35769
70417
38128
64034
75697
36680
9681
33374
43609
81362
17716
49745
39870
33942
13374
39190
33361
32984
52265
57143
41414
76916
7382
50333
35709
54968
51804
15623
50460
45060
55258
80879
24039
48876
64932
53836
75699
37892
53356
44034
37277
8902
25762
34887
34390
49178
49474
33991
14595
71088
58000
38500
42678
61889
33103
56756
17477
34109
74384
84764
51026
39454
97194
34723
62910
36616
76819
79223
43871
59496
37320
60888
40634
47451
41571
43256
46951
48900
54249
37049
54088
35810
48796
72626
63275
47564
7978
54664
48927
39262
33688
59453
33842
50167
70635
61861
35045
34659
43124
58797
63715
47163
33385
40504
57490
15682
45856
56031
50430
85269
76198
76724
69272
92090
88674
19991
34998
69557
93975
41712
75764
14265
40866
48388
37394
61584
85962
57934
44137
42020
521
35805
78466
25429
36052
63140
36895
41219
76376
15757
18314
2135
39315
78652
79097
37571
44749
48829
97792
8718
76911
28739
26293
80026
14491
44628
17185
38279
43957
47766
37928
41642
73015
69248
39770
55439
28
18582
1271
48068
51091
39936
77016
11587
36181
91140
31328
6091
80582
44888
79226
53929
33931
58046
35760
47348
42692
36697
14515
40629
17116
45853
47340
83944
31825
73538
36984
34558
79972
67158
71496
52241
69822
38971
67582
45246
85314
48588
81821
42763
17050
52772
50423
36715
34242
42484
40648
89027
38868
50532
636
33730
23029
51178
44393
52562
13749
25537
20634
33307
37551
27455
51768
56109
69346
91603
27656
48917
45698
47287
62706
39515
29434
47601
34155
68741
42766
92154
89360
51407
71742
35618
58640
56133
95700
75380
38668
38119
34191
57029
36863
39216
48939
91508
63550
48101
47647
47113
67433
37201
61167
45566
37123
59910
54720
47951
44423
78414
11951
37752
33892
43328
42830
80831
40197
50392
55142
68749
76903
42122
56377
41283
90943
14376
60190
34571
29330
23797
50969
78156
39412
36521
37591
15649
35172
48115
78763
61329
70414
41066
50961
41247
36414
98484
73193
81231
52374
52046
47087
39423
94185
47046
18171
57382
96907
96603
82493
43973
61236
59292
50385
95581
57299
44759
41833
66876
34870
43151
13662
74839
42148
34783
87781
50110
70613
67689
45133
36886
55217
52452
47723
65863
14065
61135
20541
49652
64342
56703
40645
42832
90298
37416
68529
79706
32885
62578
43931
62186
64879
370
90540
46976
18773
38086
57287
78301
11582
44992
34150
43290
76783
26758
52012
94949
57039
57014
65701
52526
55972
51433
42410
54685
94396
37132
34787
41427
63666
83170
5346
19708
60590
62957
35727
56161
41329
47810
608
48885
43696
72657
59919
50171
89205
54975
54394
66859
70892
70857
63168
37562
48484
55321
65259
44000
36945
19109
39390
81579
42989
80738
45685
33634
41890
33547
21141
36394
31480
38402
91937
33026
77568
53783
27137
56600
38228
82714
82177
68873
73920
33750
61194
60808
38663
36337
51958
49347
14003
38297
67991
80430
72006
58050
32449
71953
21613
35432
44224
36231
33200
32967
59430
58297
49531
49113
86817
95711
44561
48210
35320
44963
51663
52339
46393
79335
90501
63334
55064
64179
52362
33163
92359
57618
87587
36603
56707
36941
48539
5298
96385
50876
34639
36755
33686
74513
52101
22755
1996
50773
68947
50881
33434
40141
95421
44198
16192
62376
73853
63328
36932
36058
50335
37624
64578
40072
53322
55845
26994
16530
66428
16729
70541
41675
11415
45890
74194
76625
39547
12027
32240
59406
54426
43930
46581
15502
54486
31811
70183
49112
61745
62521
35678
51297
6595
37566
3117
73276
41428
36551
96067
51381
86075
35861
45633
71928
46178
82024
66386
64987
45040
61143
45416
35578
37459
66749
43070
52998
35602
58825
41661
66256
78122
95275
38519
48524
15658
67778
35643
41398
85866
48709
47907
71582
35904
34489
89702
70083
43922
35062
50979
75199
5385
33915
34356
1912
3167
44711
80773
90054
59734
35801
42411
43489
76245
49720
44127
96029
48148
41912
47232
43880
33097
41457
98407
33956
41717
57436
51789
34982
51459
45511
84382
48488
15369
36224
45943
35145
73001
33549
99772
35988
56160
28755
62601
38039
30729