29119
41875
84798
57288
78115
71898
48292
85259
36057
64749
45516
68343
34519
66268
44052
82579
70697
17921
23988
86859
52727
33904
48362
62155
64886
37363
75974
34915
91321
39622
76757
16420
55107
39881
37327
64204
35250
60923
38193
49525
59794
74100
49560
58440
44371
63653
18883
16750
42937
44993
73438
40855
57510
12496
71594
40506
42565
17433
61949
60796
46832
63611
62428
45362
69089
50278
38496
75243
70508
60758
77684
52664
65109
73996
42470
41446
15346
1418
35408
47388
54417
89050
58446
65378
38194
18072
36065
2662
4453
39857
69889
38355
53267
33615
47002
52725
77515
27335
60223
16900
33013
43802
31819
43462
68046
40032
20695
51802
20621
53018
47514
87469
63778
59053
52530
49727
75448
33566
66467
35309
45138
34524
3895
66092
75667
83416
50143
38752
77180
56096
78747
74407
48209
54034
77354
6387
79111
47579
39067
10468
82013
98561
90199
11961
84144
80739
11120
28732
49327
40394
38910
34745
49809
48639
40341
71955
71282
29630
38807
38089
75025
14034
48862
34685
15351
49420
41665
87962
56506
8597
89238
47703
86197
59653
33544
72559
50499
38011
79570
54321
37160
33433
54169
71027
40004
7953
34091
72298
58599
17252
39754
33368
80135
38140
37661
58162
62409
49954
38051
35365
37274
51976
599
36381
56105
69977
47652
51761
7151
38838
52200
3181
33440
34202
33255
88374
60378
37097
37607
34420
84946
58919
11806
71334
18766
74310
46664
64382
96611
41055
26587
42084
87531
84533
42632
61912
64035
40428
68072
35333
50650
32776
49108
73470
46110
15593
3812
38160
14321
36345
91156
46009
43123
33592
87102
74908
68936
52495
43856
31853
43334
41471
36707
39923
41567
61483
55113
81774
85817
22660
60170
3516
60845
59727
41153
38693
96613
40862
87000
36689
36828
76172
67048
40344
37621
48122
64277
71543
51919
50619
57733
58731
67257
88951
42283
32811
50675
49690
38235
46793
43700
43534
53637
44854
47525
51618
82338
98487
29708
34299
81550
68319
75157
34317
32802
47619
33130
33784
81331
52366
58016
77322
61475
40261
28420
58864
87259
94994
63159
45072
65778
42644
85955
41455
34502
42279
96615
37066
94467
71179
33907
8907
18555
44738
12974
35677
41523
63920
36675
51879
88721
90461
33116
33595
79098
92121
33950
79887
58858
37849
21447
51453
34957
34543
40086
45658
97641
65300
54520
32816
42519
60165
40663
48997
37253
6573
38790
40898
62657
42095
45075
84470
75728
71874
50847
53182
56563
33663
52921
36135
19390
70428
41493
36991
5418
44201
53643
33297
42247
70053
43694
59191
69169
68303
39001
41598
70503
43054
32926
33720
86399
70564
33667
7496
66715
38344
43081
50084
99771
45418
53427
47276
61021
43746
34521
27895
14342
48462
20588
82536
51535
60321
60926
53045
68104
33131
51809
52082
78440
37899
54692
49405
87718
68676
34869
49858
41957
54145
50648
63222
62250
55779
40618
61108
61900
35091
47143
77617
93517
34428
36072
54980
52020
45892
35823
91181
35465
38491
52160
99085
52762
39818
94110
45037
65367
48151
33260
51639
83528
45662
15848
11575
64615
516
54583
80411
4566
41098
56000
87659
31966
45018
33620
83939
38793
4757
28061
64762
56649
35885
38287
55783
43133
55981
52930
49654
82845
43804
33565
38257
51892
32193
36815
42400
57057
80033
33630
46817
69175
82612
48458
54293
75319
60780
72498
46984
5270
58301
51917
59951
39181
64191
8932
75525
88042
87455
37809
90837
48061
50552
95120
41845
86529
49573
91011
54644
16158
87735
49929
27232
49579
19260
9952
70579
62996
42065
96492
58230
4290
34632
43103
47119
38678
35502
36825
64306
79660
66394
36943
66631
33968
42375
50275
68655
98776
42306
31098
39029
72536
14500
73232
20929
29214
40880
86057
34041
33710
90701
70889
11216
53806
51182
41482
25610
97702
60032
40686
47123
66529
74477
53101
40997
41356
66843
49409
42366
52704
39410
48079
46410
60653
38590
51928
38681
76779
7188
65798
38704
68492
62824
72644
40174
38335
70869
61107
54535
98656
76862
59768
55014
41071
33718
36108
74497
10759
65038
69254
47460
59903
73403
83288
86528
43853
82344
52537
68486
61528
71980
37715
59288
56334
33216
37584
58300
47231
54792
71239
43926
55458
91074
77779
11726
40053
33055
70128
1464
46239
81401
53043
34322
54737
63899
35935
36869
64453
71424
64915
70376
35793
61118
35362
56837
33191
67891
47179
70282
82337
29714
39413
33930
36640
42564
92317
48232
32962
36540
43607
62983
54510
40984
76227
50974
45142
50558
90318
36017
60154
60218
31755
68199
44019
39242
53942
55257
40980
61945
37751
77300
37956
6066
37023
60219
54395
65356
57583
55358
40949
52336
55169
68887
87539
48047
84432
59319
54932
41081
5719
40545
17907
9575
34759
72276
39735
44945
34119
34313
61285
8265
34076
67465
70461
41536
77723
53520
39280
79037
22758
22576
40699
43825
31902
98642
51300
42968
58875
17258
33398
75030
38071
68996
33550
34560
42133
41906
32930
32891
22401
33653
5321
36124
62402
60409
87789
57537
35430
34643
35507
54639
2760
43180
99988
49129
67212
56669
32755
39865
44042
37030
77400
43233
55989
43467
87772
90341
38810
52556
40314
46075
73357
78076
46265
25115
27380
38336
79812
65188
37444
65846
93872
63881
34886
29112
44219
55318
20510
39811
68985
28525
58198
38719
62665
33038
90073
4361
55010
15670
41630
40868
43411
38197
15144
82003
19667
36789
26715
44599
45113
34382
84662
43385
94195
37368
11178
51930
23816
88365
34332
34460
33546
40569
36423
33985
47183
57114
56162
74629
14742
48248
46345
58473
5218
62472
34260
33623
47124
51945
77527
26545
71065
53532
44782
43644
62796
46333
41395
56645
17969
53727
71240
14503
27064
69971
44387
59144
50347
46966
79127
71952
34946
45736
62532
15186
59225
96440
43828
50257
52875
9566
12356
23799
47244
56060
48644
57698
67792
53802
79724
65484
47910
54315
31856
48223
39889
7317
44173
45062
62686
53432
41394
76183
43745
86193
99864
98451
64536
39566
36243
70626
36526
92789
53809
69586
3674
54530
38729
54382
59547
64539
40169
37300
35585
40312
38289
68235
68038
76979
36584
14219
95030
87130
61934
41444
36778
8935
81308
42288
35044
48953
43794
64025
57855
44001
76002
33422
37583
86784
14542
76254
57071
83517
92769
65879
37276
33574
36094
50317
28888
76106
63773
77329
33579
32920
13958
36024
40635
37829
34064
33989
33150
72600